546666014655
544152763179
544837631720
544153244109
544185822300
544265692399
544271056624
546017035695
544302552993
544309252510
544311396254
544312588360
544312968443
545998738146
544314708904
536643600886
544326941497
544328421219
544333537944
544336348648
544336861645
544337705856
544337936435
544343274417
537458957084
537343603894
537422902907
536536655815
544819265085
544359935827
544361867173
544367323612
544368883258
544818030230
544372392503
546593437480
544373594695
544390519660
544391675648
544420086217
544422583760
544436367877
544476232597
544476812352
544477428095
544509202974
544511994692
544512966703
544514114233
546438003878
544514278631
544529967660
544530831819
544531435265
544531475690
544531767984
537923134453
544532275796
544535168455
548501653503
544535684013
544568801153
544569153809
544569373025
544571918945
544572158674
544579286554
544590443823
544590495428
544590739019
544597415143
544597551179
544692860161
544700720638
544700880714
544702884258
544737742294
544744588720
544774556701
544775249142
544779266824
545206651780
544779402784
544781270700
544799011571
544799655310
545084538881
544799699591
544814257257
544814533547
523047682715
545354152439
527342726716
527343474863
543241031871
534487039093
534487431525
547707135012
530548026526
530567177173

